2147957561388484184936441189889
5813472689716976885515256572657
2215795867635234275657786129567
8465295879882862314543946455953
8246941555537421124622723594393
5487189241531228675925569115882
9185991257334148558167697291454
7657184295762482746225672164117
9378852444437328986418663714443
9347378423526878975999371529471
2711136354274423445175248977993
3645594942234744574969938182141
5927254881121598476938811523778
8879597652215838739217874537161
5986748163183113143169157218656
294561929931246@832338493377237
3533758791582551998893875392891
8527174439335896734613589426556
4356957741389681428354672895847
2871154377867489217195797124635
5759633533719694445284145985424
6354471424236782351196796158446
6149624726232532985485235367937
6548782649564325484156392764977
4471986545242382834541433892118
5561421359327948119971919154925
1792654781683129831172889382491
7768639744541145623561327577821
2912418579299645615332671672456
5876442745276665151786849934825
7725511886767217863368222781311