25544457661751736136738824127185722878445513324774322313638638552424882553324124683565311767653145553
35336811774833218557821876231215332217311535851826764754484676138385264385811573211534373384643486624
21224474373285535264166885618577525261331652561217546611368141757156381472833825487185487381647831364
24433812284264721231672523876672812512762717415488135833273448117746628617284885348622445713555318823
61486347712242818255157535682188453718333253487421513254475526541562324523887466277273138164124561824
54814627283247446474235887488764687326354873665257785143333712388268555588227418137723112645872422411
42878181313778684587464424163862365276235435423563281318553643224473417378855234125123587852336528214
44476233748621461774418427774227615817633625744555417685255661838631116351871375443431335655513711343
38773562435167847625514617714251535655882481577853371742236344335218367475116537211674586721475488586
53586567128481262183373157284366764386464376588775482624386524117673675511265356328438211116752385786
72476245786217454165841357166534815418773624343415718534688724663816587563668557562887485361465545234
28278353874868557548166545584538845335363854696974597479545877282613114412353634787322528455616425431
81534443438486566246625858475564343284577697756474658686499747614734626628262533536436664533451274867
22468886413213537233357583544462814485467598864644945769768754967562458266468783857882635821731446271
17527825774526143238841858416335185466488748556979788555495597598586681245178718417716344534568252223
64325845384576744285532723244382494686994465476648666694969867895594694631621711166788116352583336885
17623225184137785261811468324476548695496558575759564589747997866769487685348347367238562336351751242
32456786457472115358783718157999446464559758877547474974498778586567999877888261181154862755672522178
58628423237455884656746221245469794696994546675878687598597957874749864845846334733336573582767833285
33775378212426683822416465775964957487569876557657484689745585975989495888547873214258627266868547215
22874527483823675453372239576787788648687978955746669577755778854785759798898445685258527112681547571
42232651421746638346661794695585546549879594889967468678487774955486797665997943431211723684525446116
35287245585758744135267556947989488654975757487988667579866455646978884667849546823225421757278522715
56115866614416544327759665695665649979847698877466675976656646677644796458544588481777842313547555554
88366648715223844426579944847548855658898557466856455899594495898897646798655684628487366731488246728
47676216144328173438879574875998746658884645947744476759995949946845877499554666965717136617427134353
76182615157886842839694449458599798655875748946598994476949985555864877655978657775731451187134773457
38488827631322827468966795649954544849468795969795866798457955667964858958844959865628345338662328832
44272827655374668766549965797889865765857765698848584777469589998945678489979885759983157461421317424
64427124311553676565789495567599775874998894869586758849659866478956675596745654557542368813135734227
33172646412713668987547545478896979498477967575597468948695869866757557774776866594555268338588628182
15783273781658389566455885888485977999446475589699865648564759847869698576555666567866426126738723821
18137872354454457985964678765685485896894654657874876586957674888696584658948445969659734577447456767
62228234732313657664669867547584874577577685877588465879555586677998797855696857796796428242481813235
36113318367827869646686589674488575698765764669666878465467975667885487897668957896844986816145412128
84735348644261647798587965899747987899956449956976468565894966997588785477495675454466441873474773188
47274677783725877969859579995879965994567974848556967847447688484879684746979887468964799313136166145
65161861367445674699796789654497489449558497456695575865855764699884886897565694779568579641754757443
28655726538179477665896847446554499478568848974747449584547646446445765989755778556794798262632275223
44532546622768577578848695957464669886565666496986846799656655498559974848876586859898658435113236772
13287768148894844686945576869649645549755867747656745765756448988957595495654989959769469787677741685
63487551723846944669899676877656544468687486475778566966697559685995746478767859989979648635477374437
82181184277289977999474695954679765865674959666996444587649489654764569886996854855957567828467163452
61333474321967898479587758986856656767756877794897589957759496449556964698877747645676685883358368152
26428441586896959966649498659997559664875956665698585577958455897656758646848656884957478864434522212
78133515168664446785948668457866466899657685798857974798598744595684499775756598944798845744846487615
21314567243544884785657588558765698677757489489668955588495894894746779686886477579596567754367561365
14264125677886874679995845688774877988494777656784566647645989446556555998784989949848787597272643667
34616226623586879486575447555985666964547997696978744974459489859779994749466787497857865492353362686
81256188243946644495477547785969868898999884458775884447999984458766957886988859794795595583227614751
15771476747488488777858986687956858748897789657966@66664846649484688777866875954656665866793612622522
33228755217596469694764955946456998797778485565994646668987969669848687549775755775868699543385452843
67348753543856465599587696478699975467565479555755577685854577985889767764547655495986779444751667384
86243184421957759974795647566669745777797696549747575974868988886968798659697876569756485857323688272
84653435221454456687667896754659555958889785544989545475444697978659756545649569484888887896511235243
31467784433695976779775465777874557698859799866945898485599568858687556796878467678864985587425787621
28476352564897647755679575646844669669678799889498588774964848484545484654889454448697496793674271548
17361777472847666656654784484944774895879566745456896994545886458656989987578969789458686951484512333
54765572337985466856597644457889677645878769999656944879577764476656589886875558659695977493188437124
12132267381377869499554865489678789496579766649495865858768786767876486894966446789977968523885635266
23517713725167949879777895847859868899578744487475978668758946658944845778599978788597775975671228673
65634648171199875447754896975996666699975486964649754584594684496496746786684859574569949422732751581
46347181875748575594548759599555495784774788896645997544447565674496687945699749767478647655125528175
45251426418488797856668495465954674774856664968998999767754755586647549747848576469647586527681255766
41715823138879676977895996975594564865949895958486855958649575896578755584498878595874449475427334166
66374232876884867845959667654659888899768854464758784589879585848487775966987766654747949416453336126
41424716146254597848897487956854778845975679696468795575567579968775975595768975584888891717113484142
48561623321552958668494988787896895648558896966687644978449644969897869945845885664684581474588178468
22365816352187494884447649594455498859656696889484967988554979585597678755548468457774683211258722674
31577323357334485569646575574854854858688795897669856794875666685968649994896876764647552331463543858
21662354432466115967477444749649474445976465484456766776796677784747866957555494846986433476681371283
33326386153657479798896465544476649676546867468794477988775864795459455977578659686494274718824642485
35371528871282458968488675959747568648567986659888455484545849565888548655946544554548223888844513515
77812486336514734688746777854877975595996749679584466766676778478996887857775778945592226852736446424
56818771818114233848944459894844877668545997647956749546886949998799496457894459545888785271447621162
46213135442116726544466555879855885785586755769748567968979675955456448464977994697546428425238321138
78384845845381225726676688655458447545644674895669896645875585579848485966477477765575824453481184118
13621242327432181137548849568888656954479454968787754747945594475744495878789984758144587214641135822
26138743538574314547866566454969746464497577599586769974899949799554577848789548855251332547424867524
11312428848667714212548546599566458658557854797589965588674458664795768494694555655683738254378721823
77525715744188483873853754989846594745986755487676668796765765975469989474899884531172256756472516842
68366876453548344441146777448874499644999647444545579454865854846656876995469411458471181547721611577
56856311875564433888272727568955474897574678858447887699649555494589978495665417342234617827872776613
61147113282574551367117157659658874576599849669444489449989474885968988846981116742847678833883871424
41463358514778554588572614716687994987554759569865777966487488645879496498475378133212665288625514676
71765656712153635138555641376677556999796766977954699568897768958988794855437878264354366728816786668
53254765748666855628163526714383854889994987846684597474599944777785446517536871752855313746681511281
82155582268665276413361261481422248564449766447479898844978655779849138656534712142548545677235521234
46633774422622387325227225123664382289978987477975746568898585895817135461615658547654178844874186183
67364848714274316288465761438737376534465979569868764746499894456364771186514225582685256173328222254
45538264253628751487878473623745745766644365569955897579477865681143411282424571867334585883442314542
68835763652214815481162787468583145317651816627313833566785887445258653432782625676842678741162167567
62413874831556782345514375663542846468225464288248366154612752141824611726416153624585835651627326177
57873471765583875568113741258553335461113247176526367584781352262534571618337553332856467613671682573
58627823553288552755575687821616248172744478742668584254222628332264433168485156712175321154375514455
86364885312443267236827241856117317175624545437163788348265773354762484582264364845234567331572782882
22311118437134717541835136766865786738235746546781126163781382373258822656812483412527533564164111144
56652676453458334452456516465528471267816457631474346662117225661354573476573328114345145525518666253
16242526161222728143474513232577782312276281687823548587756564526771168673525241443418278342718118745
61625135138621448655331467714787275852133552533523132448752446684384225347156263658218172722147577251
22443672613738255638143526167323218624814453287164334234127235834447255538848137766468263713113786146