7578467477565548747784446558766455675547787574876555533646336666546746775777774673547734634747543446648844547767447645474558784484477474746778666475764
4564545777848744585658856756855775575775454475667575336563464567537667663356376636534747656635433356637635658678666648658485684757444564585475674764588
6777448675887485846446456847866748488884866833463475765335434646565463753744374337663756673553365343356773774788576755887675768464587478745855586668557
8848574748676668674684886577657646757648747535757357645543576653565743443644744776555653457337566454634543555456777774678877747846485454867474648464777
8587647868658454467777544586574877877676665663447653335637777446664675647376774636764547436645565667353757765654684466845766865466577448445687885868485
5847747867787558887486676775655687565655564553677476375344476435657563577355344474355656453543664644447436363364786776547467647575886884577744764666857
8857485675445458664784857558548845655635436734636776745655433477633454675466555554565664337764663645775554736657367584675467646688688556487754875477488
6764578847456755476848678884645645344356644663576664377565545573554343343477674744663755664357757637775563575665476778878886678658686845844466747455677
5788457576845564444586587648577477653763737775333653666646664464437476343111111165364575477533357767474474356564675666668568675666884548784444855777685
5765577844577665486458784746648433733777355435677765675655633336733351111199999113353556573734453474537535364554343746458675884444745478774648578747765
568446664585686446588668866865475337546667647347646553466433645737747199911S999913643565643443355354433354657557376433567578585588775768548486548774768
8774446674854566646445786764673374535774476363776374545374555646574671999999999915644753634777356536663366454437336643355738485856875547465788466745656
6566675887685755674855844587654534576443477433555666465477353665363731999999999916645767354457463746774343447643777363763763654667587677454454466856664
7467558648655774847844475733357664656774775774375633453456345343373564337999999517357455753647444656676535446333677663653675774865874555487456685784646
6784784585685464684644445473354764455435637433665635363766765366375553544399993516375444373663536635436365763566537453543464334787658657685744455674648
7475446464884775478758843555557364747375576736644357637365347775467353533553464765464553465476377555355566667655647374673663556587656554444546584546565
4557654684744747847775675776656373674543335747645677633375675637455765455433555446633554767455746436436564537743756477443446536445688466764488568844547
5558876888784465558466766355375757564534573364374443354657734675644545357577465543677535644746766467667643375547366745356334553366774866687874846557656
8645657676848555645644665753563456754636373564534656546657776637445674454673465747465564357566757457464746377373644746473336376445676854587868586878475
8864884558575654477677436764655774653746377345637363645566345543537655547433464674676537566737673554567764577654677635544443453463478548578786756468654
7684667467584786456337333343477347453737347445646773535477454754764536543767467647545476547576373675635765667773666744537643655637734667684875864654458
4685466756487568735754437653674477375365773774455544336356747654443634377743334567466773674657674634476554744745564357755533363455464475488485664568686
5446686766547865535743753465767545464774336543645735567563664667573443473364656433373356335777467766365355346374745763654355373345345647866444644874665
5764654488577557763474735566374473545447744453657447675545474577323425456243665525334343457557574343667456664473335345544766334345645346665867447755587
8576888856458455643355767636336363367633563545644634733667764266533453226523662634346246667673345335757634553553634545733367633634335763364466654565866
5845654575556437646666737753767463677333766464536353637645345554566356356626224443463645443625764536363356366456574355773474646333673565587655868875754
8487547556874366735666446736473465537755747335635635446462633354336646623566342466332654463453643535436365735457344377567734744575353443445744885676747
8754665557585775366477435543556547545377774364654375366434366244565644222462566356323636532466565675453635457435665734745353466643334547344478574774584
7677747655776775745335745633647467734654437455446776254366264545226533443324536225633332446562664346735736734443564455436354545466356465453475678865554
6548568656845374354566455433464454763474633654577646532646553264362455565666456325334556264653236526525373756567533754647756473336454467663664456854644
4755665484556644366557353563767555534455457454343452552445536566354634452544454362623344444432435464352473764435543643635765353766353467635778464648845
4777645473456655773775636655343663646537634667425236334566656563354224545226443323464552453626343433353446336344644664365773356565576353675767586785786
7854486854545757535377565737366757366344353362623663263665653345453433666622242556245635563246332232324334436764634343757454464533555733646764575546467
4688474867645745436454745473374536663665357262325523625233656566343656224632432255622534646343255454235533445577674557573334366535654473667373666587666
8588764737567366654666547774367573334334352535244452423556522244646323236622664532356554642664432655434442433733357376766535776665654464644664665455757
7687657334354477343553743467333367645457435356253533563366266432656553326235454222266552322433226634553222432664537433365563374674664476356575735665645
5768464574447443643347766435337475763375543452656465245256653333666634423436522242235536553634565455434663526644677465777735757473465663657444435774647
4648685555643655367656353777564664674334232326456342365266352424546463333443532565656634435632533534536433362336444733477335777466334675465547455567764
6544575546677766356434673375535776534635636432363345244424636652326642326445425562525266425354562225535355634452257644655353447773756563543743577776858
5664857355635376437777677446455553753544434242554265622243466634653624265436322364562335433532335462665666556222245563534456777667757334443376764675787
6658644765353663563345475574436466445643332226223443665362332445534523323443342424543263633333536363332636454533522336467577665543554454563473467356587
8545375366474453665763363377333377452326544543245246256334222636525324544424266632666554466556242533542644536333446657557666344553777543434377755374675
6584376764756474655677547347653654666354445445636536365653444654252442365226623663525635266532432542424544523233333325436354655675577364373354477435654
8644377764646453455434664454645656652643465636645543556564653656266543665354435423445425444555666363225454656532454336565533454536776446776756735646686
8664375344543757546477333474735524245245226355535365362435556343566264666256222343563254256435463225534464225355552623473777773445477553734736673333677
4833665543463663767737744374345446565636324436225632626234526236254244565446546424645242642245563325455352464466564326556777753545543557464553767656558
7475535536663467637663436333375424342222565664625424234252346224423446325564452266633663644462644546442556244553533646524535456765547654556437653355458
5656634563546436354557444574345236456642364444643535444334323624542653665525255425256253625434526654242524334236524543236336357334657655754736753767355
5376647473745765447544565547376655325566353255263522232363445443524665623656534633623625565555635565355554325522545436446654657574653757666556447456538
4747636675356337443733477457663324352543352543624365432642455566455263535244252334222555263242662622535333432344555425645447473757473334774574665577447
4677437347464456666373576635344534362344562254326644562355235646443524242524533424354625534243432626543235545424362256426235347473757544663473446446376
3475675354637654473434637744633236662454425344565454253445433435552222223354233442254422246233226645232663653432436655652323357766555466647563373446554
3776473674433545657675535644262556232356462463456333564422643325453253334524223252553422252423356232336232225645324245634224364577377333673454657377774
4637766675544435375566664363432334426324355652652236522643435225434443543334334523343522436665562425256356326352425655562322536733673335444655364573355
6563364555766434456455674352563662366444352663625225535623535222455435533523455543522443445334465456325362522545633522426462753463353776376653475365534
6367564556447753747754536733554352226224656454342346336555353532245334534222225425454233435456663643643552566642622326242435645375656675673676775356373
3363556364775665677737753734336464246465353432666324532323432225525425235342532324242343444332632532263455322222624454365624667654665463356465567554746
6353556336473563733553477565342554423326525554522654234243255453225534454323322525522424425524334355464626622433652636342233436444545357663633536454543
5346754744436376746445563665262465462232266554622342346434423544252344552533555433424235452353436266236422365336433522332632256757534755437565347737435
5644475765564575336454637555556622544263426664245546452444252453325545555324233452554435523542543553623344653635552246644255226337373437765454547557465
6447544444334473773575465533436235535544522433536426332432253555444254452242354223235223223255545335542643262252524364452433235533744463345637664677657
4354667446436754535475464563356626346546533354665464453454543224542555434224225225554334554354452335644362653554363356364546264464553356636775734367436
5437747435765737764467474443336233554665334425346434544324223522442325354425442543222223234442534234356345562525425326234646562656363546547543336773574
4775656453435336463476454324525654646365453365624565423434443254422433434542344324333224224443222335564626653522462663652666234344444567676363444377735
3345635534667747677574576446646362436546256355564233225454322552532425343353234445552425452545253423263264346453223424322345233337745447533663575766636
6453563573433753346633335524332433264554264465446545225454335452445225444345224423242552354222344343645525364565653442255646626277645654455454774737633
6655544645765653445677565662225633626365332624545523254233323354225332325243534252435223434443442435465244244565523635346433664666465364755456476567377
7736733744477437466576762533445424666253423462266354333345442533524453522434525343524555455343243425425464652364353563222454364356757565444735657677377
5543473667733654554574636545323333355462643663432245232333333554332352522545245245244455243432555443435634345263225244226353642475555436765765435743567
7446536335436534535337733542336253634232552566532322535445553545343344243542322532532425523254355435224364342266646424444534262634776563365377435653445
4547676555463546353654333556652266254325644456625522543244345454534423434453552523244353434444432355244552343526645365624366524233667735735336357554654
4763777577576755447356443232634334554426242342525223252553225552233535353425253432322342242234435442434656362525324526443356336445554754637555643555757
7443635636743344377346625535332554443324425454463534435424424534243554342542455233352355223345235523432525453552426464522632466545475364755453364454735
5466574335563564345477743552353562345656266343554545452352455254244243325455342334424252525425424322324545644362442556342566644446333655756677555775357
3556443465447747643473324325565553265346333255644522343425554443534334233545424322525233223455222235424456646524662664365663326646747466466774454575656
574353353644356563354353322522263452354656365363333425335454233233334444444@333425454433223323252532323226565644523622325445323435467555766553353447533
4744443637646475767374552323432532662466256432436242223244252325442242452299954343244543453553222322342264423434656342565223644247746375747645337763543
7733534656643446774776546236545626333266263354365534542245332552423442335299935424444523554332234334532426243246265633525324244565477336574553577465366
4435735533556644577553565365565324662352422626343224525222445453555345234299923225552424323443432353532566655455453425346656432567457664744775647763554
6655553634434657735744554436665544232356223463666343523354222453433534233299954253345344532353535555446335546235343432326346362665676537746756436563465
3553453546753736554777345255242663545356522336652222545435353553224423453299925554325322334553533543355526333422342245455544332443374645645634375437446
6573467636577744766757534346343364433366662224255224352345545455224232332599943535325253325352543254466262332325246553644654522433734537335733574674744
3763546674466467434535755244233333463633543644444324423335334445342323535399935335542555435423423232235656334565555662254554346644333533637673354476754
6674445454647666574574554636655654442344624343435544225444422532543353245299954344342453322422453555446666525334655663344564345274745466375546766555447
6377747455644657676765566332265344362243524444525545424533234324353355255299953253334322244245553523632256356444226662626436655246375755645464337744567
3465557777553375645734526436624332453223545265663434224533434422555243554499923355342325443323242542263355264544545636566542524443354554737756375456734
3544366447643554664545572522333462246556335543333334524534544523554332452399934545422224523544352432225263623533643432254254332765555743754475763656736
7354434775555436654433775622363663344364365565336464442224523234343325422499933345554243542355453446524522344445355366346335433633764777346566757553765
7566347464344756447363735645663642536562653432264442453454335555545255222299954535523253232433422224566335653253646464635544526757655645353553336436446
7446377563333355337435373342263643356346464333362424222355435545234232344399955353453325324355223543335652532255442524256243552566334443437347434563776
6377777755555665776363576256425466233354646634636523262355432253322434535599923322553534243342535624345524664562565266456645467647455553574755565346457
4677733756565637767777654223243244455654245444253242425435454444234323332499925554424323342544544235563466233232622363546466635575477447454537537543575
5443555756563435753743635545455534655225355344243423645342343223542343552399932534453332334542323366653325625362454566455255664355464357765474436456374
4563433356733345676356557755263446554365656544335426666242253523223355554299945325252245545523563424466462546654554342644243573364636737657757464676673
5677645346543737556547754342656336433424422454564554632664332234353243233599932255242222452522462432662553445543533556324445576756743334673767743557553
4543643463455734645367756666242363324365532252356453664262225535333322245499944433324455242446425644365626343455223644446223663667634667553477357776443
6465354563365744336645657455643625244434642536422665346433435323553425422599955224542533243226243426232255645665462243242536656354467743345455374746344
5443533747476764776447467355435336556325263646326444246425432222525322252299944235443532353264253454252435426326625256232434576445665746373733477775665
7736463633375546345436443767322524643452556256623233565336456242225334434299924552342354544323256232443355442523325535344257744343357333357773453544443
5463773446766533745737555435324336562654225455266354343665443336555225333599924525435336432535553642352465333464436566466433674534767346336377655563773
5465446455636465356475544576332663653425222253342562552332642234465524333399934432436545362254245265662565246352365525653334464656665745357446343455674
3764455437733364534645655353446252455422334462463523255653446426225465443499932253236432263624243522223552256436626332632333645747553635436454366463333
6555543675776476465676755377446433423444625633535224242246365566555522642299965255622232465266662526325522566333434435425734674437345636435663373733644
4573367674455446375447337456344256224333235425653635462452546244666526534699935336653462644666663454454455433455622463334643443757376756447755645757436
7737536645473346437754435647564542654422523352532363452253232226463335335499952364246442546255235364434443263652364246635734543474335364736775634554737
8545364353653334576675774344544452534656552362334632464264545434452445553699946364543633542642455343642636236624323332564636433663347634767467475466487
6454735436674774767553336764357625655334655225344226223462252252324232464599956262632436436334254323643455342366325543377357364436346776454357444555645
5776536543476637343437743465636536266322433344363563662253654232462655542399933622533226434545556236522535655454422242753564744643757453636447735564767
8864776374444356636457344345347774524462353634435566454445226444546453546599964626224553622534264443646334242223456353365337333543356467536765553467668
8756654637766534436735745663373573525234624564645432546566245325366522266299943546645636456534563422243666436645635465735675775534636444465776557458744
7884737737347556676546753757656554344536423634453464636325464535656642654599966545465444465236546243524262245454246476747435657564655366335645375456446
5755876364466744333636737737637443557424566446333545564333222344343243346699946266326254364445536645624622334343636333455736336745773744443633534687454
6885676766546476636743775677667435554642633363233253634632666564262636556399946544363335525663223333463462245522546754435745445746334336436534335554755
4864467756364636465357667777473564443672456625665544665445524623663233352699955262646232343644653335466532653452553566533676356733774737677556757655775
7448466773433573464335773476753343637634225226354543364455342633446426325599946565652454434324466236646455562645565553645534365737767343735375375687758
5457745733736377473533476467333445746647465223442454233442335643266563556699943644462345553262265526462643425553734663747676654564343343334743747585745
4474575664657666435536737757637764555764776245542222344322526534455625434699932253222353333645253236565325523736573565566764533755663766557374368587877
4678775737365534533465366563576344555343574252362326426263325643644525362299922525424262443234425465452543423437435767536457436756737566766764548675574
7486584664564366333777477757533465555435433324446245324356525432333245263699956465435352223526443545233565547776345443653546735654577436774635674576756
6467674475646443754353675547443374437653377433633346446454565552653555353699925263662256455556433542364437546674467764637464733373745463455664678767486
4476487666334644637534355645355565763733464457724553334444224562525654622599956235535224436526246642543666574566665545474744766747436567546575686778557
4775454877765667347466636643575344766766333755647265553354625463533436555399923434246352652423225463657534737557474645454467453535655767737558474575868
4566445865633336675767744546735675356434443374365444652625656642636323532699956566334622236535344242773437367655553456453566365445537546655776845677765
8858658446564635365355663434665636443453355636765474444424366532244653635599923256646533552423356644734535744445735645655436733576543444777848778444475
5578465575486635655677375334663563365367543364747456736265242225645545345599932645542222545526255766563573775463337434466673374435545664666846867558468
7587876544485464643764744455766533545363535474354776656743235424622332644499935524234635442554435637473474665776335546473373673373475755445455468565855
6457846764554876634676344767773337743775444554634533374337774244663226243599962555665456356743565544375647643456647366466456466763756334766887486677474
5888876885775477375757544336335657346576555576436554443465344455763444436699935623564454553447336636566646553657636465657566447377367655758665774564776
8648587476765475435374445445636345777656653475665364437566564777574445457499944343374474543776643437565455743477555446337744734366444436567645755557486
8857447485475785554477447565434746656555576566465436567635565333476454533799957544774445536555735563444357457354764356743766535364477756557675758564755
6445665664568884787464733375763677757773774754733676333443643336554774375499956777434366677477643675564547354333436457564763634674665564557767677484884
6787875545455877557636466645456667635556536753346535344764635667537544563599955554734646535773635635346444474453635774443467444534444744867757647866775
7567675467656847685836557475435444745537733367635557555755557467764375335699937654445655676346467547665753335554757565756556533744674674656466584558478
4677568475545744588745345773447733756334357763353445337333674636634435767699954664735653734433677544565657373576335337644537554343574668886875458568844
8657566645487864754467473574645565773773546567467343646755353655555466533799957356767557375664346676463336673653634446334736436366548546654746445756588
6568448657758754684678864573365655464455334753464347455654566474764573657799966755443536635736776647446635465565565767443454636585675458575557577464556
7686855565555578454744446345775735573355577574645575434464553664777333657799954754365375543466337767574565336763646336436556657777857655556878774874486
8644644748488754766758555767365775736757564637373656643655767775473535346799957574457563546755454343553646676377663744334447348666548486556557568858745
4766767766456788576888777666464745766766567377345733363344455737367647447499957563673577333573763354364665737573567647767764677654686684775745475677777
5884544757756464764567777755436736753363543757343773646444663574357455354799973333553357535637466465747446746777545547757466677657467865747448777658645
6645757664578578876748765866743575766457743353435473554464677366434674457599975766776353547645367655543554755736475663664785847866778657878668658876544
5874564668767654868587566548646733755663467736636346534434367563553447453599933676754443366566754646377654555335747744646768777787665865676757464788655
4546784658567866454478868764544783437446376476663663455774754334634475436699933666574643765353765556535547356633663655787568656444757485855576447776566
4885877785576644857887775548684556337566655746746377363645366635343673654699953564734547655756636355354757477644565358747555855657644685555887488588657
4475784576864864477676444764466666756764744545376635375776333444355747753599945633676566374567764667743554747343343844688645854866855444545854684847668
6888456687677664688666685887678447754573775377646466343477654546356467666399936557337345337564556765335337536554555768577766745785576776758486644885757
6655874754676666457447455866558588457656734365665746744374645746646575755499964476433343764454675335356347444365845666674774445756458648854468764684568
5754586864877787788685564765874845567864767534354675733437464673534764374799977535574353353466765437453665677877464648776854455667456466584546855875586
7674564845456744474844866885577688654848674634467443776635757447775355776699976543455374563775543677337573446648546787748686568664578746487876558764577
6768884674864466467888775765456566777865564865474356345454374477565676773399956756567375636535744645547547586786566785747877664886444466445446486674448
8755584574575444548457456678876644884578657545775534744547464347464546763799976736674366556534635453376864577678776847885648585748668755877876787556857