59313,58749,1526
129088,128178,1769
129088,130256,527
129088,133065,1204
164075,163426,1207
164075,167285,1441
202108,124847,1120
202108,203967,512
250095,76684,1292
250095,175856,1002
282781,44012,1472
282781,111809,635
282781,113287,1827
374724,136058,1108
412532,173890,1210
412532,175700,746
412532,178429,545
511714,273054,1194
511714,276434,1905
558489,225658,1444
558489,321503,612
584388,199508,1832
584388,254414,1310
597622,212754,1391
597622,214641,875
597622,216080,535
684245,299323,1736
751669,231225,1336
751669,368765,585
751669,370709,1058
813516,292837,1565
813516,296370,628
862055,341484,1756
862055,343917,860
883801,363332,1415
883801,366729,1836
910569,335827,1713
910569,392328,686
910569,394127,1917
1004454,241828,1408
1101879,144295,1930
1101879,341302,845
1101879,343423,1254
1152257,194930,1629
1152257,198656,840
1235157,278021,1028
1235157,279968,614
1269816,312536,1453
1269816,317166,513
1333357,248365,1363
1333357,378173,907
1333357,380293,1099
1346166,261193,1218
1376773,291809,1426
1376773,293577,681
1376773,296074,1968
1428829,239141,1538
1428829,347305,939
1475213,192608,1683
1475213,287482,831
1518411,235761,1514
1518411,240085,747
1566073,283259,1595
1566073,285776,560
1566073,287268,1967
1657128,374435,1496
1682059,348894,1183
1682059,401514,739
1682059,403741,1111
1758371,272273,1772
1758371,429653,1656
1817724,331928,1562
1817724,333576,749
1888916,402760,1489
1888916,406418,803
1973885,316895,1534
1973885,489785,649
1973885,492099,900
1995642,338960,1456
2047349,390265,1497
2047349,392351,917
2047349,394051,1558
2067697,410787,1715
2067697,414695,1768
2097472,380058,1592
2097472,442664,534
2121972,404602,1842
2121972,407994,1938
2204387,321587,1169
2204387,489774,908
2204387,491029,1765
2301593,418718,1510
2373420,490613,1300
2373420,492238,590
2373420,494972,1407
2433694,550522,1827
2433694,555150,1012
2511448,472151,1257
2511448,630636,792
2539092,444387,1534
2539092,502914,1334
2560301,465778,1192
2560301,467530,690
2560301,470264,694
2636421,388690,1812
2648234,400736,1345
2648234,403424,725
2648234,404183,662
2691637,444252,1419
2691637,447795,1130
2791082,344129,1370
2791082,546148,797
2841727,394772,1358
2841727,397864,1708
2893660,342120,1501
2893660,448969,810
2893660,450208,934
2958302,277569,1606
3050835,370040,1294
3050835,372039,802
3050835,374050,1977
3097256,322796,1696
3097256,419488,1753
3189859,230138,1773
3189859,417404,898
3276378,316692,1829
3276378,320453,1517
3329428,369936,1306
3329428,372188,585
3329428,374044,1865
3345579,353135,1220
3434311,441769,1652
3434311,444414,788
3434311,446209,1432
3486676,493914,1517
3486676,497165,1071
3573363,580828,1638
3573363,582882,891
3597972,555391,1796
3597972,608427,1451
3632320,521132,1640
3632320,592506,717
3632320,592950,1600
3701085,589831,1452
3761008,649677,1656
3761008,652215,883
3761008,653290,1261
3848677,737466,1688
3848677,740653,542
3928198,657209,1331
3928198,818855,911
4005056,734178,1350
4005056,737681,836
4029460,708851,1582
4029460,760369,838
4029460,762931,591
4083374,763104,1402
4145506,700297,1513
4145506,827590,737
4145506,828322,1481
4178457,733105,1376
4178457,737250,1113
4232681,678032,1754
4232681,789782,643
4305156,750439,1690
4305156,755140,1534
4334246,779894,1132
4334246,781994,802
4334246,784340,1030
4432789,878163,1458
4505106,805102,1715
4505106,953109,667
4505106,955256,1242
4585292,885092,1855
4585292,889067,1110
4684530,984343,1830
4684530,986999,977
4746357,1046106,1542
4746357,1049428,1798
4778092,1013493,1483
4778092,1080281,519
4778092,1082225,884
4849699,941858,1603
4875018,916672,1691
4875018,969106,511
4875018,970302,1104
4936871,978654,1361
4936871,982053,1279
5019929,1061853,1105
5019929,1063751,638
5052124,1029095,1309
5052124,1096852,1473
5071858,1048532,1854
5071858,1050670,638
5071858,1052645,1179
5105463,1014110,1539
5131300,1040135,1373
5131300,1042725,835
5131300,1044217,1230
5172122,998485,1649
5172122,1083997,854
5257524,913347,1121
5257524,1085779,672
5297279,953166,1263
5297279,956528,1386
5380675,1036417,1563
5380675,1038689,516
5380675,1040795,1444
5405677,1061151,1681
5501787,964506,1096
5501787,1159704,741
5501787,1160412,679
5554952,1017674,1345
5554952,1020789,1016
5566901,1029397,1381
5566901,1031461,535
5649451,1111939,1322
5649451,1115362,1456
5700567,1060214,1178
5700567,1164973,977
5700567,1167478,1271
5751696,1008902,1667
5832803,1090172,1273
5832803,1091864,838
5832803,1093253,1425
5891754,1030636,1178
5891754,1152962,1766
5959134,962999,1731
5959134,1100319,945
6020264,901968,1718
6020264,1027777,1781
6091399,973027,1394
6091399,975052,682
6091399,976908,1840
6133059,1014684,1455
6143682,1025282,1440
6143682,1027481,584
6143682,1028929,1980
6168861,999167,1845
6168861,1053933,1718
6197086,1027605,1692
6197086,1030186,891
6259646,1090077,1623
6259646,1093218,1547
6283761,1114091,1816
6283761,1116219,588
6283761,1117387,909
6380091,1016996,1741
6416730,980524,1329
6416730,1056223,996
6416730,1057264,868
6492223,1056047,1365
6492223,1059596,841
6561797,1125277,1863
6561797,1127861,894
6637633,1201196,1503
6637633,1205052,967
6688656,1149565,1466
6688656,1254807,951
6688656,1256115,1900
6702368,1162932,1559
6768185,1229015,1490
6768185,1231461,853
6768185,1232588,1149
6804013,1264603,1625
6804013,1267896,857
6853529,1214569,1077
6853529,1316886,697
6916563,1277488,1556
6916563,1281312,819
7012185,1180917,1823
7012185,1375485,757
7012185,1377553,1495
7064158,1233271,1424
7120862,1289804,1457
7120862,1291663,803
7120862,1293620,829
7196679,1365482,1380
7196679,1370349,1109
7259064,1302098,1845
7259064,1430153,700
7295434,1265790,1442
7295434,1343208,948
7311227,1250314,1252
7311227,1284296,565
7311227,1285556,820
7372816,1311617,1408
7417419,1356481,1545
7417419,1358266,725
7417419,1360000,1826
7478071,1417006,1412
7478071,1421323,1351
7556754,1337465,1710
7556754,1497722,612
7651004,1431728,1546
7651004,1436304,1666
7672800,1453839,1302
7672800,1455877,947
7672800,1458278,538
7758600,1366040,2540