21594841218
45297985913
47835861330
57260533344
71697455376
72030485668
76064684040
79395472268
92333796431
94903480720
243426738510
576156580995
635355327864
747924211761
1056011199423
1183952395516
1194892457795
1282299866108
1352323690266
1646351632085
1678472046890
1766376187481
1950874998376
2112707524315
2115891930811
2266723342429
2304377066238
2406065742824
2591722073873
2781045703164
3151451636615
3298344410834
3380001589559
3524833770798
3704357703956
3714782168059
3732293249262
3890520876122
3921844244541
4007075032282
4072703457395
4094250520210
4220997112501
4262346530658
4277809412361
4353167136802
4496924853112
4498483090671
4600870740287
4604557998077
4644481083292
4881597758667
4941007782476
4969575477068
5101903540093
5233602808363
5828786312350
5866432496232
6039711764815
6094833630745
6146796823539
6155106301279
6188296712080
6400786080758
6404927204116
6789260308427
6793506104965
7013386379191
7048615009078
7088314401804
7136977373980
7169234133647
7253711665812
7284186831332
7312551844436
7491971035898
7492591697197
7951291210174
8038501288275
8063355157032
8075925329416
8167814339901
8300109649680
8388569685248
8534775454190
8606091039229
8741584476565
8929388303320
8984936091822
9006456779909
9091988721145
9191003592635
9277020660051
9318455882739
9343633469836
9656582152322
9785766929692
9837549732352
9841464863320
9896377650773