7544638263233585834815545176661425186151111798281624882619231755695169944558268541354968234546991214483318571667215259747464568389594965193698652677726356357615863279934375244926561372232496875487887995
7795963951249393499554876432289225941111111119412782558111111111126894546947263371182218432952782711111145473681428389289833156696111111111113775834723411111111677447986298763891756611178261111111111864
1289111111111371216841111111471617711112383511224879911112111111111227977111111151214817533274785112428116689261111117735339129111167457713516728894311168396611192994111112186911111279587111128728114828
6111111111111111151141113455157513111787142443319878449911119418411126641121111146625576843636917149252186347351183612672177841117626129234394543156119892269231185111178817749566411126969114153791736631
4511154326513911139337112372955152741184123656831559871299119612211144174121736116527711736663122195343795869714275819656255211725499568511113629171793264543141141139532625748411115628854511733459285214
1111175925935396113221721115782564245111775652141932953696131173591116552111829882265344825341785111251631661362748315977249516556461111784319543415183889877411399117959937549566519411565297115315295859
2511167378311118851772922428939711889235597562685886594988625578551115224211158418791616333111396411834159836314744917974481111111111129911113336616651111117117561531111111677111243433185962929742799992
6611111111111111188134133274226685644622849316248111111111724884611198767311111972582142886193134324112841944775597711574851211111641111113111946716136249761119626865331868141118141283172111189612567322
5467111111862241588481536941111111125171823294111111111111112998254446626761211662311713211122574763119476316111178871273196276674316871151317113414736834137957441684556321111114467143227111381114861163
2533168388641356654597732411222222111925763111111198871998111121521841111111111111114989892157138939177882981122165737111948699361143511882595276518258113185992858819241115187611443642411893276881166696
8636364273774881116277417112111111111126392111156782863762829271591111112219336111627771215511647416626994111222197691567173719111142311725187312761911131195928185483111345118731135781124857439851121718
9157167373989111111116729112123882821173151113144894964695731613911111112213541211181111446314311238416811111232177881112643411122119716385155333348917335619854415311378814562791567311333435742915141462
2211342753715115291781162311114678344163124111741731411111146796111626812218686164311121126142279188111111551232143732594711112222119412163368151644819968132376711981315941361446815217839228638221115985
6871111111674111365757649126111129931187883811111111113982476828117986812115467381112221948699311111111118511222111111111111112332182111649951475476711614484419118667111129682125531616193118263697119965
2691111111173517211414611131991111496613735772859133892636268648114555111139662111222321134111111133888319112111111111111879812322188112992192786558591111352262148642831915432345149113378116541932189437
7161149323114988638743212262698226137282546729669281111111461525196278111975811122233321811111887954158391111181624194882591112221142111118198599357979271111111195658123696522856464216941711842971349849
3111189733611724959932781112418244491165883557266111111111111542183871117781112223333221111221111111141111113478111117576111222211478221272466411189529484767332779981183862111738917315475731116111631711
3811386977383147231779111211114276811111111129491111427411121762194211575111222322222211111111111122111221248676511155521112232115282284993961112197471673519328538959931115411111727941872242811132148862
7111171947755511342731121111119877112111112112181211595354111959364663432112222221111111879645134111111121111175766599111112332169643622248111222173311111111191979434115597451211391921959822861943344844
2211177721256414473513121474111453121142411212871111636568111249213693111122211111887712711345477452165111112111192713862712222111111111111122222183711872111111964821982622151118564933313923468912546462
5521137351119428212397111453913679121715781214426111149966457978947511122211115168775179548452767474468759611112111175611111111111112211111223221111511997575811847526696655569538436573778273125668158681
1151119111721627418755111168396784111182681113572961111382634939871112221115942575991111111111111111115564168311122111111111188848911113271232211123551478595791362543613117721363672592745826111111112724
9825111115117342222771876111655129512196526173167218667111786271811222111829763321111122892825311911111115372232112222195668448122451373211232118531681723932981161112581741111176871219313781175521231333
6677681885189711111118647793111621211116561568892787136586368181112221112929249113898774389254318338381811117848511122113851241111113366112222197418943975389951177774771111111747841837926614187782251562
1827252348911111111111162969246899663111197385511111111136581711222211871235661335661222659111194182186373114947114112211411951513834911122211155331587124831511861251111291273419627146293513752488111793
2572467696431111839681162172513569918261716785111111111114311712222117581533117249428421111112839633311111189974228111221119417288111112221111151465685358269319841711158585211282877655874616952463387944
2741822183271118493759191221111111111911885911121669121215752112221168898418117713273111221179919411178126161454319531122211663611111222111874294551119448284434484864119811112771211111551182976374571782
8969511435461111887775541231111141111111116179121656331112281122211847819196617235161122221416817115922396971111116673112221922481171111113236257411681155118225392388311111334464129224114333648234866998
9119714913429811111949266496116931625111155575121112671156271223215411111538817612911223321138766367791563861132511821311221112926176118838819817521382711956454697364643958785851974352711557613963926196
1833121727669936811115157862111171359671113136112192811112511233215981111181858842512233322117473697811379811868643253711222211141452911152166711311775451173329732911111412774914958134111734467111111171
2729136462732387811868429389111119642862897726311114211762112233218441316888116635212233332211111111111487211495634315911123222111111111111883334363163656186361151194721118214815625711183372871222471178
5621115321113789784933112859627311111184545763351154811411712333218169233621891479311223333222222222221241911394451775552123332222222222211113567757216757116666113812739111198937132822255361817371411169
4271119961217228411111119118867225624939731133527645911946712333217291112184289433771122223333333222111111111973311129538123322222222211111856795132835438514433118421918711146158141744993629572365611291
7391135361212241311112389327914739796451118172812716331924712222211111111111973315976111122222222211111112213466642111966123321111111117728598175628376673617511389171131111464517711151973629718695761945
1511198841114651111799792117346181111111211111173959781697712211112864176111116577367254111221111118447112211284521611842123321152134837342347527874192747112491125435111141771683981111111615781975364561
1241139411134691118448886126831111222222222222111114492348712119143395464251111175594157631111549267331112221316892611168123321152533179411111111125611413148165455948956996636111111238511112181381634889
2816119111151289111146111875211222222111111122222111933399511142911183417378821111986555831431154111179312221143318211783123322164181688731652287116993111184327954332182522754117466241124119493635812184
6478411119379929911111119668112222111116263111122221113511118211111542611622791611112744943271129126153411111928221511368123332111928938726152377719676286756781111111112929411153421728621117148111194145
2241762296618376457993819451122221162581459651111122211112211111118384119131939979111118718275556534111111211384875118994123432221114778836616785811181893574111111468911143931331941331111935431177111113
2673817134113647866552541161223211581311111145247111122222219939984656111311113797961111111111111111111119111245881156293123433322119354331676831124333578186114589833441115941884811111562533481479911177
5579825111162411263547675511233217297133243772541738111122211646691371117248879294969231221111111111139816119844611195981123332222211721213411117877186477481156227692111677681248616648634576817444321153
4388147441267611513545373911223217574876499666748493655111111111491317613225216197398111211219643148533981119485115272711222222111111118771214439378911165396118249511165867786515115111111382187389711262
9844511411448511155217684461122211914861111111113142858859741883765411655567118451111121116416178248855211119421192589512232111116376498616126781111112111163311733998677484354398911112111113318285166113
3368612411411111913175319418112221128251122222111154183467661341197231339479111111221111789768925678774141182511889415112332165927144711111111185967122221113276183337926851229748211734446112713737819938
9391384311112116591181951836411222114419111122222111184869286663975929111111122222111663968622517878925421177219318238122332148777498111195431134112123322211129111151431111111127817126281132566939838294
3693416859111176891114361571911112211187869111122222111111111111111111122222222332174115982341111123971141671292623611123332144918216115356311428581123333222114645518111111111111911853823214236511166619
2519811981486455411914111769823811111111168911111112222222222222222221111111112232111111111111112315652111743822764112223432111673961135621111364411223333332211235591156298679118441119728877981115111472
5816391128998725281182811112167638851111111594886211111111222111111111699155911222222222221111544614111172181214164122333332221121197318781181515112222222333221159511536134371112996471111531111125961132
1989321121935277631152111117134925841431548837814567253521111165865586939131471123333222111594336711117611132376711122222222221213157316114985781122221112343322112411157334111142172739659885514526761483
4321256113761118761111116191111111934628465289641354455837229511111111365844346123322211132163161114369611861817112211111111111186416111183219611222211312333332214311838661157784168111112628979189111226
6911311116515411379711185871111111117369311111116784893588111539575211375395191122221114389952111359711175669211122119481332143783783121137879112222118812222223211841194515167711111111111553479498512656
9819877111269611146872659311131941111568211111111727865651843635184112448241111222111514398911422161111542783112211138248954939723787387428311122211178612111123211879755485837111119242671832386846918921
1611152111128764119957372111437111155211311475611758164311111519681186931111222111162914861116176114162153331122115885352711111153681113251112222119997411126123221459737938771111594427688975136485314679
5441133111227112113445129177387812189493931745971141371111653996118559111222211145231829422273211767619623111211124151654681111811965661111222211188889111294123321633976888891114934992337629728111132963
2411911183815116118491611387269411169289154125992893111785828411694111122221119247611155485444117441194731122117249111711119415825411111222221112964631113553123321889469511173111117655269351311191111255
7474378919372911118757641826456111244111111343954976119527441112331112222111958599714111111781533116568111221129389161563217198111111222221111957114621114293123321449943112142451111111124243116991281119
9646324182726711381479294544241169997111111446846361189591113227111222211183524881999712212521111644711122221999681926449111111122222221111474291393911158961123321365811122115882243612256184117865381172
5131392932152573277147843995893774791183311144222681148111488961122221115823866354123112118643817152112222221111111111111122222222211111671186118539111167881223321651112222216739241772827264178544991138
2218229231724798936151727369976815421186212159643284111357419911222211639419131194691121129188457711111111222222222222222222211111117128188891176181111386111233321111222333211847411111111141912351411128
1736811294171883111558661232312183261192112115671976725929151112221118489611192482111111579188111111881931222222222211111111115847218889911116178111114133611234322222222223221568111824641376222535111276
7451621789139114611224191111111767538568911142379111776751211222211374911159728952121114654311115426628111221111111114741187483445132876431671381111936686112234333222111123321145111113611193518363363845
5492191146129122211125157115891191628222511191565711722235112222119831116399814921111465821111151663111111111558412327379862111111111276175756111117481711122333322211138123322194115834246648341159847139
1965551132179116821182572716171128615388111513168611137471122221134181158414181511148145611165744111111115846499939861191111111111111111654111113646791112223322221113168123332123115515178664966731775238
4916251155117315341147318522911634979631434781179516164211222211735711367611355111573661111432891121111443159737459111477551131968812215651117478852111222333221111159783123432166611112277566838111114676
7261711944112819998111452121111249181112678911515397149412232111151116144111581166244811116787111111346824911346936111437395159654612111531951864341111112332211755567917123432161383825864483672416411256
3196115782511113842846111111551981134319416111761151153112322184761123511111111823688411144431121195388196311175511139291718963597111148556295591111115112322112912871177123432129191478683685245171411435
6611561376711114458471482361497871647111796111884121333122321139211396111688163111136111815911211463721191513825115955874395958211113814159314831113314112221179115631189123432191338811111171389154781917
4277224579694647499871288678855211113131152211842816639123321599413272118238665681447111518112213726115768112871174191693651111111546999213981111147571122211143113381183123332151651118594191162697776416
3347123317826262913928111887623111381161614971111181761123321919242939114151252911661116712122116456119991194911947628811111111117526938217411111342311222111194211441164123322157211755134961135467963443
3911129512946646611645931511149511368111448387356394281223321756112737117183383116621212951122121641188711579411231168421283921145943581911111735992112221122489411171961123321112112294821911945127899817
9811664118171297911177989951774481111134186778821743631233321995578663111797121182171212241222161371464661117616197511131179821112111111111198255111122211798983212111681223221537117889631111862144283227
4421831177571234469111148211825599889994856712339632311234321372111119411194111158871213211122127251165381679115361561458811111111111111849315251112222111914374111111361233211727818654842718128111111721
2351111163311257161971111117456552618938836134172926631234321791241114924111115169881112771122112967116611147417633915924561111811265636511127281122221119145311153811511232211327111554961869111438711259
6669435995415811167629412581815777124391241171311547311233321566541114735279251746458116245112211512211338111315261111111111114398211111127472111222111665881211232112312232113435361112886811297511118671
5224965699111273153265714655573521573385611175811142821223321352711118444165314115286111246411211129661111155714771111111437895192116784438811122221133971171911175417112322191562515594678111375791636958
8332849651167751137522193661299861115715973114931198191123321941111184311111111114798211116911121119322811775516126622914839284186997432141112222111729114922921118171122221187921113341391166146412752174
2352515611198311638942119721136961119412214811111128889123321131119594911887711712295381115422112118693257829115563382111111111566927332111222211168236867611111137911222211169111111189211598218149363152
9811141989111111612569315331161711168182398597514946853123322173111455619125689416126999111434811111115717494864229111119371182158468111122221117732736759115776117112222116261115374115311848351341278864
9511456164912116771338311688311111251431265268372168817122332116211182821429914446118952251111573122211116792432154557529457592591111122222111994291199455985226521122221114321173475611151111111186956844
6114311425671142618144213771895266217118111197111119411112222211311112664891118482111948595511111123222211111985636849814241111111222222111196415684911672394844111222211379619185133791467561276122111241
3197931928564378114548117612196718461464798872894871112811122221639127719615411263911171225734111122222222221111111111111111222222222111155653556498211251813791122221113587438112947251155939255911461568
5111171711696851114511117996335863111982399597154829117551112221151849288636211187761111463191211111111122222222222222222222222111111131213641111178311167261111222111417331523118416241115552368917891138
6432562171116399111118442728768411441111867858811111161665911222111865116878731111133191115451177787296111111111112221112111111123638657642911111433911512611122222133328788111111641111189574617179541188
8558561879415947511184479155869651694111111111111125933267841122221182111161814111115313119983911115439338429549911111911111644569248671811111118521114351112222211152979111111481752511835366537416671199
3826311452845171391254741868645717153358135125324437514189833112222111122111268181111111111132144711111111111371515736761411111126396511112111223785967111222221116372111669112839715373163131781782911951
3646721185361131112362351166431161342127111121916647529815321411122222222221111826646111162716774666925661221765311111111111967739611112211133952738111122222111696311121651135726448937361471161425811533
5732896113617417119332759111113979999499311574226111117711235944111222333322221111821524242746411111111111111461161931111452272211112211116415881111122222211139345189846221873993316981225459181691128451
4493125211198955975363617568715556311111111164691719131111471736821112222333322221111179735682673131111111399877173194826261111112222218546411111222222221114187211172755315668854111111163775111111339337
5959111178885527141111111444291979112118211691814148941579319113733811112234333322222111111123518723973417326712335211111111222222333211111112222232211111312619411111179315233111114546663718134297651886
9743411447425496811558775118866324129623335164538563137687889229692883911234444333332222222111111111111111111111111112222222233333343222222222333332115626285474993268715819611115987447789766252411111319
9444431559946239581177443297117629123642163294521451198585919219569782671233333333333333332222222222222222222222222222333333333333333333333333333332114984136572231322987512661118554551114914163116411548
2968541163133481691111158151118797411111111111111111111111111111111111111222222222222222222222222222222222222222222222222222222222222222222222222222111111111111111111111191728111111111765944282115451692
8683951146172363112736111116799491677747711111111111111111111111111111111111111111111111111111111111111111111111111111111111111111111111111111111111111111111111111116111966383451367727565767441168296574
6761861582115336317567818861289219161914885217335497923679623621362615814415467296364888561167419276288264616335597168218373868991549156791295163274112511364888116186417128811422181111111113391186348516
1652117956811665174418833196221384979211441564331111111156244211118913711517631111311641443111111586823917184985593949981111138597373423111123818398829111111114483388111111132215211767355211543191229567
9939793855811111161718771117344582228556111459111276111111811199911118135711111111111678781115765111727477577111692144111111111138675111111111132965311111167211532651183791118152115728326141783115227351
5424568164183261133549263151116698876197881681739697361132118596341133715194496222121133111295425911337217728449116311116982424111641145995534113927211144759784945219859434115671119151516111196355665858
1436319518227598545819617449116281111697911171836373111993171691111395941697844811111756415178945181344551686745112551175626282738721624482645199711116212543917137182351394311162911119811937728143876184
1788146299365625181198397111149621114267116243264466155435331111874775867275111111235921279377235676134552113619111175117484477896291754815237471193116737411341366145774817613755231146637153842928846696
5861357771413331188521125598573813911131148381143313279981275772998195983119914247988861353872841711111194531183151251141417664112255395811111122297836311132235529735865952895468132196935219555111116176
2931339161151378775684711382718216794574445295915689581819854925413877297798951961229175725759455111899811915794782676883722582135776892791111161637735218136292211765225779113193166119433877481124711372
7491765863623122871725851119124111111188995551322211111111175521175111111837437148794121111111798145694551231949184836664842312193891511134616211114359119969495424111388114617497144611267911835786811768
2381573811562157713343611582333561487161111195362265133575111574115163231115431818231259327711218619192797178418422757478739911133761178664868573118653115754953488211125127845163232951943341666722211458
3871177961241115191181111144669288665751651156127989625468116221571146121111367467116333251113115882912816915171856945737455964117737178256645111115127611151113224251111164942911384411455864175129112818
6389111111117518362111161641233111111111126241297821111111474289532611111176626913772111111351593279811729282627111111111457318391111165597773481418149337111116382411531284198451511358122937711111183359