99999999999990697377991876991395381555302490939611645695714463313269399593255376811278843254726053861080574296494787851166017906507135946434603594841263927100040738405129793515
99999999999965880992679662011686509275858658665557028310719324840886026151549884635120916980118805723887898847305129492272544546594304026417225945407976084041460956712839027104
99999999999995919999179399124951499536947256491549377298652808858858290146090557953749135277541492973411139373182384549925341945915567429962995920120038769334815546544281380655
89999999999999999999999996819499328728304523265990073736668221463952263940092257350739137474769999904174694467164376059421673256317079274828426945095807577864629442469316804115
29999999999999599999993615321188420842271727622657306399645078073363400501510949839999999278999999995761599999995142799797130693529932541976445871567374540414194678099598497723
33499999999936599999995273545526705116103044135960373925061787472728141750322273829999999999999999999999999999997903469997117654410583277489264556053452637935155858742761552389
79999999999924323499997482711783307319623521981112834044718774448435991599999999999999999999999999999999999999999999999999825165607140413988731876003067220410062599044246424079
24499999951443481857110312919596738622494639928354647777394308253054065559999999999999999999999999999999999999999999999999973207993792269397668315742271622097976395638213736880
51999999923471595945618227242250129390968214797258399059376101996399996999999999999999999994816799994740299999999999999999999497159678881512775533557195859580784780703841301720
59999999944659109647549200810596067025613217324226432454472880999999999999999999996881799999756319999249329999949999999999999999999999134252204677431302634620123883401513301929
99999998188608732055798270761396021037034861564719560385578177976999999999999189999911273066598953709223136969613623999999999999999999182892482881222266671861460788835843120132
99999992759999899938297530109671836996604241886908334282307511747999999999863931313034596056709534465321928447415675999992999999999999909199927047542176986467896110322048039746
99999999999999999598635192828816976158891327927387542681859999999999994999933447003076685848841959787115866874499588599973803499999999999975243739054786175663283656541500444048
99999999999999994730284441060486803394930947397855791873989999999999949776482440651662322351261754347097357793673359976594410499999999999999999908707337442695416228723912698997
99999991019999996961489247592989804091722976317382392832739999999999991877174581879520484871592713798577500585763051633841588999999999999999999952718203341695992774818536711385
99999994114166131806435701690542324227959460166393295586999999999995289665959813906150249641573807054923308610221427908874904549877222999999999924474831129826439795817151713510
99999993945959327937525233180153010726449429677415742999999999999679271745592746215060864929938985516940163272761389712540329903809521499999999960575699492247943269796763244017
99999921422417951092802456696198003976517988225063099999999999997413651709853966543242934545605255152021613707871958045657342213075222699999999993993552317822826559205311012750
99999949144635894994171363080745678988511944104963250999999999632824983355640043495630914935150984103451217224984809318637433162993749999999999999999999995836913355743229621424
99999920606256682232668067365141981180938117185717190999994183870391693513544145743724894921851507215008345138049347981184123948101279999681999999999999992513129036881125271262
99999979994099966177585821177502112679620482768028999999987379417146848092690554784556699927995744560848272372896084572608020901949321969689879999999999993355779159037078375565
99999949999993614611117179376144565277778424485544999999999104909657963370400243957999999999999999992267662892517453828392508952312996421374612999999999955023702553386313489472
99999999999999859891855490369613637939524955452042699999322152544950057594071629999999999999999999999284422799609195820934834272320116804742793999999999693159414589660366845013
99999999999999327980780877896812332488641041425774799997784883673374636723539999999891923819849899999999921751105262922403511387168564512615699999999999866817499819196175808717
99999919899990314615771989581371632205208155610369999999963435477515619059999988511182213867985633939999999943778464515522473808026798215065499999999999999954222103988331913883
99999991132827296933777148046036296488527042228599999999940226396247800809999129327348446778674178793999999992312700784798880889388986736446621981739999999299999837145630960938
99999916771555937990723562685187295978871302841999999999120303172432562999984573531708617305677113546359299999792252574240065536447090985519824936762999999999999966611981575749
99999999651291369146444690741015253119218594815035999999283483568971335999953758040888884119717809466876399899999023401755465236770756041188880271533699999999999910101402774973
99999965778517993806316753966951554672295892787114999999945702233960339999146891888999999999200654460248074549999421134593162621787891942687309563341599999999999529431793161346
99999916992929998907879828159737792282936410352999999999294711862240019992659348888864693199992013033342583999999919280459645495353410860660711892599999999999996686017970785543
99999912999999487946227006532380773283262112115639999999623061644032949991446688888888871451999628957357523594799999127324309388845190233233076064199999999999913172732177038854
99999999999999998009031929351844002150648110612999729999938466695444629998530688888888884360199991380775466946799999997240441744075324482402883507674494899999999999145961268204
99999999999999985473357281651326284299209486843123199999998979165143643999151448888888888755329993172780229646999999347364699299444757735912536722398947939999997399994989235071
99999999239995431494223077548838420136307598203935999999344415689741831499931971888888888354519993857034480186445999895817378241772463458922619429917563309999999899999941226779
99999999974980374479986854663630974288507200617767999999999159137696119999998133413888886884569999265621240539970999995122629554643372888294021346597137685999999999999996428040
99999999924511169816976020394929673217019136234087479639999909745470554407999999999998823674849990063363324556699999997282632192388755582115899574192497222499999999999994227962
99999999971611025796635518311301729873277883861268948899999965747829648264959688888426459947499997383522276313499999973025870052244810905638721353793243499999999999999941410178
49999999995134326998167323189162130404197110924953003899999999977090651759076017672710613481999946682263595649945399991915446794826716647080180319197072999999999999999242822138
79999999995299915994281116545630431048113479806546972162219999946139626794955655009420300499999947368728214283245999999470835383591656428930948964484861499999999999912674805927
24749999999159999999687764865859750698660956303825638639149999999997880885099520778146645999999736745113871872999999999157025975138823689727887778088247399448999999998683301722
63719999999999999999859734378015684289542228917423869369789999999994799992876293710292999999922137922679992282938999943118505217427416511227134207256473283423249999999998256898
68841999999999999992333689638730285270468573148297560779286806499999999464999999599999999992463652260599899999943999967427726664449796926490162383444182154948551999999999935438
93599999999999754708354411394190656176229894139445338877220717899999999999999999999999961740865827685743855494889999999416782689111968906372463963497499753535018699999999999824
00999999999999997713185622831976869643755544659135538299141224308658899989999999999549613608524072644332557849999999999715890526176085160428323924240797516151931599999999999993
81999999999999996616199149157690360829096674607022849661018428781163505611299224112726287483308565107104825121999999991215845540167834072964259180973078124819296799999999999994
12699999999999999396634799452243606455461522730990597180675944855838405902510211064643275975286202082559211978999999161787537763090817584231087738895167692999999999999999999977
35981969999999999998999999999493799100660602272786546539296312722003018371580956036383103107393162519054079999999999416765359464961412133798088800993661023999999999999999999170
14258791899999999999499999999542959272027466568971416356527878034285358470384871977601235459340979135758499999999999420711984466429690902999400929461542171799999999999994991356
43839999812989999999999999995769273742805153685137761961497953385338951963561091252907950795666077193924269999999999167431649394279458578512532281448243119997239999999971422779
03307449239479999999999919152486676587629678865239841542861129435720985519527647420377479501253360992215199999999998007214550199660842561855209214535321689467045999999971243353
61944957474524999999999999602182834932050932112834311422327034895119534679497635576990013643869347929999999999955815341931893439428773543391559547415682797231249999999626999110
51746908361109999999999999493923424998184399331747505542417832791171581293305678444882420679190983999999999999937117834382995864356155624869241173179969132490284999999355891161
40089115741359999999999999999918999999954299985609905001536395614386247000828648733387495176433299011999999999999902370834978936107471931251501777528696805715059999999654999994
93799672186089999999999999999999999999939792358103436584985126322424023999385969453471219944748929666999999999946681314267008914384796261643414786077987557778399999999999999999
42776123732462499999999999999999999999996658189271312623187604761399128840216813365938642099999992699999999991488980302002691191477094789408366953270945825599999999999999999999
22084738073139633691659859999999999999999314589999925631897983452973192654192197922434879400999999999999966712750946175967979637598348810496817697174090229999999999999999999999
75521184618479713999430731999999999999999998899999990198792010979636662937898124999899918895299999999999774416552692755853734680987957078638855823815749392999999999999999999999
75090417336140569423589428799999999999999999999999955093939999986499249939983214579999999999999999999999896997221266766199223674263572698449654575772316138999999999999999999991
39755554562822130433073114299999999983999999999999994169833899992933145899999763599999999999999999999993904506658441377463057475946893092614573094575394799976599999999999994227
97624347071290163998175231099999999993749999999999999999999999999084264999999999999999999999999929505025721157276247307638094435037638482419764711573816891147345999999998179538
16230095120827304999389424719999999699975199999999999999999999999999999999999999999999999999992387082719390501642237112549512327883726784219601777219607359633812729999999904744
61102684553440877059999994493734999802911999999999999999999999999999999999999999999949999999999997177649281110586978520823951099424596743698862842729328283334994591899999999060
24180248949947215103010068877578499920831799999999993589999999999999999999999999999951729999990199934622686556228249812992286516045963122695945459192052238387006345799999999951
07695374101740681046172629752321129536439779999999989958189999999999987199999999992232778849145645161055618491939692603084220261677838168120425886595921722599072005697999999982
96471950923690345311940355423983044717179121999995927916549999999998980883999999999990129134517648552768790168029823891448725331443781557156187440300711201632831899998999999992
68563095615392876884304803451525995790725360527577993745627999999942733894384989359962708181626270065801820920080481631721427039396394819188084593894779999999191299999999999998
01249772588537342247872806419721915656066454657731999167177421442999457751872175648766020204118112144646530831902139939538194455973268598744731354357799999999956799999999999999
21706251466586404429172352497427895267335521633574367277171662151597752759328901353686923060410105593961598357210151285990131839986917373590213373476449999999299999999999999999
61124188854699419225261666617576582229652562296559719791074022875693375294854687006340207008220865907775975352143995573262255569839164266930947376931359999999999999599999999999
37892543739500388341835373570968835035951640661467385675913889715903653870061169149470649340167602909434069854589021301022693850445082092067740555799994839999990969999999999999
00754837202645411820463521142337785342906904117139767657303346715920009490088555769453671379892788942645165682258101749151535875070387548515729452995499519999838597399999999999
89904757004064930131251464261153233034960301027927540877326198058939447535654642429632063676223163455066042579768109560078137861814465495479999649731244325749948269299999999999